1588000862
1588002242
visio
1588005362
1588022402
1588026182
1588032182
visio
1588034822
1588037402
1588038482
visio
1588047122
1588050302
1588054082
visio
1588065302
visio
1588077782
1588077902
visio
1588097582
1588142642
1588152242
1588185422
visio
1588192202
1588203362
1588204982
1588207442
visio
1588251782
visio
1588299722
visio
1588326482
1588334822
visio
1588345982
1588354262
1588371181
1588393922
visio
1588406582
visio
1588413122
1588434662
1588435022
visio
1588449542
1588451101
1588463822
visio
1588486862
visio
