1587998884
visio
1588003924
1588008424
visio
1588036684
visio
1588041424
visio
1588051924
1588066444
1588068424
visio
1588069744
visio
1588071244
1588082584
1588087024
visio
1588092064
visio
1588094943
visio
1588102684
1588111984
1588131244
visio
1588139344
visio
1588140664
visio
1588140964
1588141024
1588153804
1588157104
1588176364
1588177924
1588182724
1588184284
1588229044
1588231084
visio
1588232104
visio
1588241764
visio
1588243324
visio
1588246864
visio
1588253344
visio
1588306804
1588324804
1588329724
1588329964
visio
1588341904
visio
1588371844
visio
1588377784
visio
1588392544
visio
1588403464
visio
1588408264
visio
1588421523
1588425004
visio
1588452904
visio
1588457884
1588481224
1588495864
visio
1588513624
1588522024
1588522084
visio
1588522204
visio
1588535704
1588567924
visio
1588574464
1588576083
visio
1588577944
1588584124
visio
1588589404
visio
1588603324
1588608424
visio
1588610884
visio
1588618744
1588629304
visio
1588637584
1588672444
visio
1588675324
1588676884
1588688944
visio
1588692424
visio
1588740364
visio
1588743784
1588745104
visio
1588751764
visio
1588769824
1588787584
visio
1588787884
visio
1588792144
1588803064
1588832824
1588912804
1588917484
1588930624
1588932184
1588947064
1588978744
1588991404
1589016364
1589026924
1589027944
1589054404
1589055064
1589055964
1589062984
1589064184
1589072164
1589089204
1589090524
1589097124
1589110324
1589124304
1589187244
1589225344
1589239324
1589248684
1589302024
1589310124
1589321884
1589323444
1589346244
1589362684
1589389504
1589400664
1589417164
1589422144
1589462464
1589486404
1589541844
1589545264
1589553064
