1588007026
1588009966
1588016326
1588035346
visio
1588042246
1588058325
1588071406
visio
1588082446
1588087366
visio
1588089826
1588095226
visio
1588102846
visio
1588107646
visio
1588120486
visio
1588126486
1588134466
1588147186
visio
1588172386
visio
1588188586
visio
1588190626
1588193866
1588220926
1588228965
visio
1588235565
1588250206
visio
1588252186
1588265446
1588291126
visio
1588296886
1588300126
1588301746
1588310926
visio
1588314946
1588316566
1588318186
1588319806
1588326706
visio
1588327786
visio
