1588005300
1588021320
1588041120
1588045500
1588055100
1588056720
1588064820
1588090380
visio
1588097340
1588110780
visio
1588124940
1588144260
1588145640
visio
1588161900
1588162740
visio
1588176299
1588184280
1588189080
1588190640
1588191780
visio
1588195380
1588211400
1588217760
1588221660
visio
1588237200
1588238400
visio
1588240500
visio
1588258080
visio
1588275420
1588289520
visio
1588305180
1588308420
1588308480
visio
1588339440
1588341900
visio
1588355520
visio
1588360380
visio
1588363740
visio
1588364160
visio
