1588000460
visio
1588007120
1588017740
1588027280
visio
1588031000
1588044560
visio
1588065200
1588080980
1588084220
1588090700
1588093520
visio
1588123340
1588126520
1588145840
1588149020
1588151900
visio
1588169240
visio
1588171520
1588175540
visio
1588183220
visio
1588208180
1588227440
visio
1588231220
visio
1588243760
1588272320
visio
1588286360
visio
1588298480
1588316540
1588321580
visio
1588323080
visio
1588324820
1588331540
visio
1588332500
visio
1588337540
1588345100
visio
1588346060
1588349300
1588360820
visio
1588379600
1588379660
1588384820
1588388180
1588411760
visio
1588426580
visio
1588426640
visio
1588433420
visio
1588434320
visio
1588438160
visio
1588442420
visio
1588444880
visio
1588454480
1588456160
visio
1588461260
visio
1588462880
visio
1588494200
visio
1588495040
visio
1588515260
1588515320
1588528280
visio
1588536439
visio
1588552700
visio
1588560680
visio
1588560920
1588562600
1588562660
1588569500
1588581320
1588596740
visio
1588597460
visio
1588598240
1588605440
visio
1588618700
1588618880
visio
1588625540
visio
1588626080
visio
1588638380
visio
1588642760
1588650560
visio
1588671800
1588692920
visio
1588693820
1588702340
visio
1588711220
visio
1588726520
1588727540
visio
1588737500
visio
1588752740
visio
1588754540
visio
1588762280
visio
1588766180
1588772540
visio
1588775600
visio
1588779860
1588813880
1588817180
1588851440
1588896260
1588902500
1588902680
1588905800
1588947020
1589002040
1589012420
1589027960
1589046620
1589048840
1589084540
1589093180
1589109440
1589136740
1589153840
1589162360
1589163860
1589163920
1589165480
1589214380
1589230820
1589234660
1589245880
1589250620
1589250980
1589271980
1589292200
1589297360
1589315540
1589340020
1589375480
1589383580
1589385740
1589410640
1589417780
1589424620
1589481140
1589491100
1589493260
1589498300
1589509700
1589520080
1589569460
