1588002190
1588002370
1588011730
1588019650
1588024510
1588033750
visio
1588039030
1588045510
1588052470
1588061890
visio
1588081030
1588085770
visio
1588087450
1588091950
visio
1588108690
1588113610
1588137790
1588152249
1588165090
1588177990
1588205830
visio
1588216150
1588220050
visio
1588230670
1588236850
visio
1588242130
1588251610
visio
1588270450
1588272430
visio
1588278730
1588299610
visio
1588317190
visio
1588326430
1588341070
visio
1588343470
visio
1588362670
1588366030
1588367770
1588382950
visio
1588396450
1588412950
visio
1588424890
1588431370
1588448590
visio
1588459210
visio
1588462870
1588467670
visio
1588469590
1588471330
1588486390
1588486870
visio
1588489750
1588495870
visio
1588509550
visio
