1588000702
1588028782
visio
1588032562
1588040662
1588055602
visio
1588056682
1588085542
visio
1588085782
visio
1588100602
1588103902
1588112362
visio
1588124902
1588128322
visio
1588165102
1588179562
1588201162
visio
1588209082
visio
1588227922
visio
1588232302
1588243822
1588248802
1588257862
visio
1588265482
1588270642
visio
1588283602
1588288522
visio
1588292722
visio
1588294282
visio
1588296382
visio
1588299022
visio
1588320442
visio
1588326442
1588333702
1588337902
visio
1588342762
1588360402
visio
1588367722
1588374682
visio
1588388242
1588390342
visio
1588395202
visio
1588409842
1588410202
visio
1588416682
visio
1588419262
visio
1588421602
visio
1588428202
1588430302
visio
1588443022
1588446382
1588459522
visio
1588459642
visio
1588462762
visio
1588466242
1588466962
visio
1588467562
visio
1588474822
visio
1588476322
1588479562
visio
1588485982
visio
1588491562
visio
1588491802
visio
1588493962
visio
1588523722
1588523842
visio
1588541122
visio
1588548982
visio
1588557562
1588563262
visio
1588564822
visio
1588576162
visio
1588576762
visio
1588577901
1588579582
1588603342
1588615222
1588618222
visio
1588619782
visio
1588623502
visio
1588632442
1588633102
visio
1588654642
visio
1588658662
visio
1588663162
visio
1588673482
1588675582
visio
1588676062
visio
1588688902
visio
1588697362
1588714462
visio
1588715782
visio
1588717822
1588732762
visio
1588736722
1588755982
visio
1588762642
1588773082
1588776502
1588776922
visio
1588787782
visio
1588787902
visio
1588790362
1588798402
1588814002
1588818622
1588834342
1588838902
1588863742
1588868422
1588891642
1588891762
1588919781
1588928361
1588946062
1588947622
1588949302
1588964962
1588966522
1588999942
1589014462
1589059042
1589069962
1589072302
1589092462
1589105602
1589105662
1589109502
1589118082
1589133562
1589138962
1589150662
1589154502
1589169742
1589177842
1589182582
1589227222
1589267722
1589269282
1589275882
1589286022
1589333482
1589337442
1589338462
1589379502
1589390422
1589436142
1589440222
1589478022
1589479102
1589482342
