1588007076
1588014876
1588020996
visio
1588039056
1588065036
visio
1588070016
visio
1588086636
1588110936
visio
1588112376
visio
1588117236
visio
1588123296
1588129716
1588134516
1588137756
visio
1588167696
visio
1588178676
visio
1588205076
1588209036
visio
1588217736
1588219356
1588227336
1588231056
visio
1588270416
1588272036
1588277196
visio
1588287876
visio
1588288536
1588349796
visio
1588354536
visio
1588383096
1588392456
visio
1588451736
visio
1588452756
1588459536
1588462356
visio
1588469136
visio
1588470816
visio
1588480476
visio
1588482396
visio
1588500276
visio
1588501836
visio
1588515396
visio
1588531656
visio
1588535736
1588540716
1588541496
visio
1588542696
visio
1588550676
visio
1588552596
1588562616
1588569456
1588571136
1588584636
visio
1588617036
1588625616
1588632995
visio
1588639476
visio
1588648416
visio
1588649976
visio
1588650096
visio
1588664556
visio
1588674516
visio
1588699056
1588699416
visio
1588700976
visio
1588709196
visio
1588709316
visio
1588717056
visio
1588720656
visio
1588724736
1588733616
visio
1588742016
1588750296
visio
1588758996
visio
1588760796
1588764636
visio
1588778256
1588807836
1588837296
1588857516
1588871736
1588880736
1588893156
1588895676
1588911816
1588937736
1589000736
1589005476
1589008596
1589043516
1589074536
1589101656
1589102496
1589103216
1589107956
1589115396
1589150736
1589159256
1589160756
1589178636
1589181756
1589196516
1589200776
1589224116
1589247096
1589254116
1589278956
1589280516
1589296956
1589311356
1589314476
1589327256
