1588005460
1588011520
1588013320
visio
1588014640
visio
1588022920
1588027059
1588036900
visio
1588040620
1588072900
visio
1588079500
visio
1588096660
visio
1588105480
1588126780
visio
1588159600
visio
1588162960
visio
1588190200
visio
1588192240
1588195420
1588200160
1588208980
visio
1588220980
1588226620
visio
1588240060
visio
1588245520
1588248460
visio
1588257220
1588262680
visio
1588281580
visio
1588287940
visio
1588293640
1588295200
1588326220
visio
1588334620
1588334739
visio
1588344340
1588350940
1588352620
1588355560
visio
1588364320
1588364380
1588366540
visio
1588378420
visio
1588383160
visio
1588387660
visio
1588398100
1588398520
visio
1588398820
visio
1588405060
visio
1588417660
visio
1588424920
visio
1588474180
visio
1588502800
visio
1588504420
visio
1588514260
visio
1588537360
1588559140
1588559200
1588560820
visio
1588564060
visio
1588566220
visio
1588566340
visio
1588573720
visio
1588577740
visio
1588577920
1588579900
visio
1588599880
visio
1588608699
visio
1588613500
1588613800
visio
1588616320
visio
1588632520
visio
1588637560
1588642840
1588658020
visio
1588661620
1588663300
1588664560
visio
1588666780
1588674220
visio
1588677160
visio
1588677640
visio
1588680700
visio
1588681900
visio
1588685440
1588695520
1588707640
1588717660
visio
1588718740
visio
1588732899
visio
1588742080
visio
1588743280
visio
1588760860
1588770280
visio
1588777480
visio
1588777660
visio
1588818760
1588828000
1588873300
1588879179
1588913440
1588915120
1588919620
1588936180
1588953280
1588956940
1588970380
1589004700
1589023300
1589024140
1589041060
1589044000
1589053300
1589054860
1589060620
1589086960
1589099440
1589100100
1589130520
1589149180
1589181820
1589193460
1589196160
1589198860
1589221480
1589245540
1589261860
1589263060
1589277400
1589297620
1589333800
1589349040
1589354620
1589366980
1589367700
1589369260
1589474560
1589506300
1589513860
1589533600
1589549620
1589560840
