1587999352
1588003972
1588006912
1588019572
visio
1588040632
1588069672
1588072852
1588082632
1588088272
1588093372
visio
1588118512
1588150672
1588157032
1588178512
visio
1588189012
1588220932
1588228072
visio
1588262632
visio
1588265872
visio
1588273672
1588275352
visio
1588278772
visio
1588283572
visio
1588286392
visio
1588294792
visio
1588303552
visio
1588327792
visio
1588331452
visio
1588353952
visio
1588354552
visio
1588359232
visio
1588360912
1588365412
visio
1588367092
visio
1588368592
visio
1588369552
1588371472
visio
1588393492
visio
1588414852
visio
1588418152
1588424932
1588435011
visio
1588447972
1588462792
1588466212
1588469692
1588476292
1588476412
visio
1588479652
visio
1588490812
visio
1588493512
visio
1588494892
1588502692
visio
1588506172
visio
1588514512
visio
1588527952
visio
1588531192
visio
1588544272
visio
1588547872
visio
1588550572
visio
1588554232
1588564432
visio
1588571152
1588577872
1588579312
visio
1588583092
1588589872
1588606672
1588618792
1588627312
1588629052
1588629112
1588639372
1588640752
visio
1588645252
visio
1588655032
visio
1588666312
visio
1588671052
visio
1588709332
1588709392
visio
1588712932
visio
1588724812
1588733452
1588749592
visio
1588765552
visio
1588779952
visio
1588798372
1588801552
1588877752
1588880032
1588894132
1588908712
1588922152
1588936732
1588937692
1588950172
1588986772
1588990672
1588996072
1589002372
1589007712
1589017072
1589033272
1589047492
1589079232
1589112292
1589118832
1589135932
1589146732
1589176372
1589188732
1589195752
