1588000568
visio
1588021268
1588021328
1588036688
visio
1588060568
visio
1588074548
1588079408
1588100648
1588132868
1588139348
1588149068
1588158728
1588163468
1588169948
1588173128
1588177928
1588190168
visio
1588209848
1588213028
1588240508
1588252208
1588259648
visio
1588288508
1588310048
visio
1588320548
visio
1588321508
1588341188
visio
1588347668
1588350728
visio
1588368548
visio
1588371848
visio
1588376408
visio
1588382528
visio
1588384508
visio
1588385648
visio
1588394048
visio
1588404848
1588404908
1588417748
visio
1588419848
1588428248
visio
1588429388
visio
1588439048
visio
1588446308
visio
1588446668
visio
1588447988
1588451228
visio
1588459508
visio
1588464427
visio
1588465388
visio
1588470128
visio
1588494068
visio
1588499588
visio
1588504328
visio
1588505108
1588508528
1588512908
visio
1588519208
visio
1588536368
visio
1588537388
1588539548
visio
1588553707
visio
1588555868
1588559108
visio
1588560008
visio
1588572788
visio
1588595888
visio
1588596548
1588596728
visio
1588604948
1588608308
1588615328
1588621928
visio
1588632668
visio
1588648868
visio
1588648988
visio
1588649468
1588652948
visio
1588681928
1588682528
visio
1588685468
1588688828
visio
1588694108
visio
1588699148
visio
1588700888
visio
1588703528
visio
1588704188
visio
1588710728
visio
1588712408
visio
1588715468
visio
1588719608
1588731188
visio
1588747028
visio
1588770968
visio
1588771868
visio
1588778228
1588781288
visio
1588817108
1588940048
1588970408
1588972508
1588981268
1588994528
1589005148
1589014808
1589025548
1589032628
1589107208
1589109188
1589112548
1589138228
1589163068
1589199608
1589201168
1589202728
1589214368
1589215148
1589236988
1589243228
1589253308
1589254088
1589275088
1589307848
1589308568
1589323808
1589339708
1589413748
1589415308
1589439008
1589466668
1589497328
1589516588
1589539808
1589561708
1589571428
1589572988
1589576408
1589611448
1589615408
1589623028
