1588002461
1588003601
visio
1588042241
1588050941
visio
1588054241
visio
1588057421
1588066601
visio
1588071281
1588097321
1588128101
visio
1588129901
visio
1588131281
1588145860
1588172381
visio
1588203401
1588204241
visio
1588213781
visio
1588228181
visio
1588228961
visio
1588237361
visio
1588247141
1588251041
1588257281
1588265921
visio
1588293221
visio
1588295261
1588316801
visio
1588318181
1588367081
visio
1588371581
visio
1588384781
1588388801
visio
1588403141
1588414901
visio
1588419941
visio
1588421621
visio
1588425521
visio
1588429781
1588433441
visio
1588439921
visio
1588456241
visio
1588461221
1588466261
1588481321
1588481621
1588491581
visio
1588503401
1588520441
1588539821
visio
1588540781
1588542821
visio
1588542941
visio
1588547441
1588552601
1588558421
visio
1588563281
visio
1588566041
visio
1588574501
1588596521
1588627421
1588628081
visio
1588629821
visio
1588632401
1588637621
1588651781
visio
1588653461
visio
1588660961
visio
1588664741
visio
1588665041
1588669361
visio
1588672421
visio
1588684061
visio
1588687301
visio
1588692161
1588695761
visio
1588697081
visio
1588697561
visio
1588699061
visio
1588710641
visio
1588714541
visio
1588716101
visio
1588757441
visio
1588759601
visio
1588774901
1588775801
visio
1588781861
visio
1588785161
1588803161
1588804721
1588809341
1588855961
1588870181
1588872281
1588921361
1588939961
1588995821
1589003921
1589041961
1589049041
1589052821
1589069201
1589089361
1589114921
1589123501
1589154221
1589172401
1589177501
1589179481
1589194601
1589197361
1589231501
1589233061
1589236181
1589273561
1589296061
1589306201
1589309801
1589337821
1589379521
1589398841
1589405321
1589427221
1589428781
1589431481
1589434001
1589445461
1589449541
1589457281
1589457341
1589470841
1589485841
1589486081
1589505701
1589519021
