1588020849
1588032549
1588033269
1588051149
visio
1588055649
1588061589
1588090508
visio
1588093989
1588096449
1588098969
1588101129
1588106229
visio
1588115228
1588123268
1588136109
1588141029
1588144269
1588145889
1588160289
1588169889
1588181829
visio
1588208229
1588209789
1588228989
1588232649
visio
1588235589
visio
1588240449
1588246689
visio
1588246929
visio
1588247169
1588248249
visio
1588270689
visio
1588278429
visio
1588283589
visio
1588285209
1588302189
visio
1588308369
1588354509
visio
1588358769
visio
1588359369
visio
1588369449
1588371909
visio
1588372869
1588373049
visio
1588374729
visio
1588406529
1588408509
visio
1588411449
